# Drawn with:
# https://github.com/pfalstad/circuitjs1

$ 1 0.00005 32 50 5 43 5e-11
R 768 48 832 48 4 5 51 10 0 0 0.83
368 256 96 176 96 0 0
r 560 96 480 96 0 693
c 560 48 480 48 0 3.3e-7 0 0
w 560 48 560 96 0
g 480 48 432 48 0 0
w 480 96 256 96 0
r 256 96 256 32 0 50000
R 256 32 176 32 0 0 40 3.3 0 0 0.5
d 768 96 768 48 2 default
r 720 96 768 96 0 680
w 560 96 720 96 0
407 352 192 352 288 1
R 720 192 784 192 0 0 40 10 0 0 0.5
g 352 224 192 224 0 0
r 352 192 256 192 0 6800
r 448 192 560 192 0 16200
w 560 192 720 192 0
R 256 192 176 192 4 5 1000 3.3 0 0 0.8
R 448 528 784 528 4 5 1000 12 0 0 0.485
r 368 528 448 528 0 536000
r 288 528 368 528 0 324000
r 224 400 224 464 0 324000
c 288 400 288 464 0 0.0000022 0 0
368 288 528 160 528 0 0
w 288 400 224 400 0
g 224 400 160 400 0 0
w 288 464 224 464 0
w 288 528 288 464 0
S 512 304 448 304 0 0 false 0 2
S 608 320 544 320 0 1 false 0 2
368 720 320 832 320 0 0
r 720 320 720 368 0 8000
r 720 368 720 416 0 80000
w 720 368 784 368 0
w 720 416 784 416 0
c 784 416 784 368 0 0.000001 0 0
g 784 416 816 416 0 0
368 784 368 832 368 0 0
w 448 224 448 288 0
w 544 304 512 304 0
w 720 320 608 320 0
g 544 336 512 336 0 0
w 448 320 448 528 0
x 438 16 562 19 4 20 reduce\snoise
x 620 86 680 89 4 24 tachy
x 617 308 653 311 4 24 fan
x 607 515 716 518 4 24 controller
x 618 183 659 186 4 24 10V
x 0 102 125 105 4 24 GPIO\stachy
x 0 201 123 204 4 24 GPIO\sPWM
x 0 535 113 538 4 24 GPIO\sADC
x 0 330 342 333 4 24 GPIO\sto\sswitch_on\s(not\sdrawn)
x 0 292 360 295 4 24 GPIO\sto\sswitch_own\s(not\sdrawn)
x 527 365 638 368 4 24 switch_on
x 458 272 587 275 4 24 switch_own
x 180 386 407 389 4 20 RC\sfilter\s(for\sPWM\sinput)
x 218 561 518 564 4 20 voltage\sdivider\sfrom\s12V\sto\s3.3V
x 275 163 551 166 4 20 opto-isolator\sfor\sPWM\soutput
x 706 125 877 128 4 20 (approx.\sinternals)
x 708 301 879 304 4 20 (approx.\sinternals)
